# nodes 
sk15 <- c(-0.949107912342758524526189684047851, -0.741531185599394439863864773280788, -0.405845151377397166906606412076961, 0,
        0.405845151377397166906606412076961, 0.741531185599394439863864773280788, 0.949107912342758524526189684047851, -0.991455371120812639206854697526329,
        -0.864864423359769072789712788640926, -0.586087235467691130294144838258730, -0.207784955007898467600689403773245, 0.207784955007898467600689403773245,
        0.586087235467691130294144838258730, 0.864864423359769072789712788640926, 0.991455371120812639206854697526329)
# weights
wk <- c(0.129484966168869693270611432679082, 0.279705391489276667901467771423780, 0.381830050505118944950369775488975,
         0.417959183673469387755102040816327, 0.381830050505118944950369775488975, 0.279705391489276667901467771423780, 0.129484966168869693270611432679082)
# nodes
sk = sk15[1:7]


